H(\vec{v}): \mathbb{R}^{130} \rightarrow \mathbb{R} 
\mathbb{R}^{130}
0
     \vec{v} = [0, 0, 0.02408936187094653, 0, 0, 0, -0.0009220896553828633, 0, 0.013715033276784966, 0, 0, 0, 0, 0, 0, 0, 0, 0, 0, 0, 0, 0, 0, 0, 0, 0, 0, 0, 0, 0, 0, 0, 0, 0, 0, 0, 0, 0, 0, 0, 0, 0, 0, 0.086923156150     166640478, 0, 0, 0, 0, 0, 0, -0.004169024626740706, 0, 0, 0, 0, 0, 0, 0, 0, 0, 0, 0, 0, 0, 0, 0, 0, 0, 0, 0.06103892811472592, -0.001827088692541601, 0, 0, 0, 0, 0, 0, 0, 0.021119819421521576, 0, 0, 0,      0, 0, 0, 0, 0, 0, 0, 0, 0, 0, 0, 0, 0.028956996972808808, 0.01855961039762378, 0, 0, 0, 0, 0.0030550036310233665, 0, 0, 0, 0, 0.04934179336434643, 0, 0, 0, 0] 
\mathbb{R}
\mathbb{N}
\mathbb{R}
\vec{v}
H(\vec{v})
x_1 = x_2 \to H(x_1) = H(x_2) \wedge x_1 \neq x_2 \to H(x_1) \neq H(x_2)
