\ \ 1_{2,3,5}\to 1_{3,5} 2_2\to 1_5 2_{2,3} 3\to 1_5 2_{3} 3_2 4\to 1\, 2_{3,5} 3_2 4\, 5\to 1 2_{5} 3_3 4_2 5\,6\color{#C00}\to 1 2_{5} 3_3 4\, 5_2 6\,8\to\, \cdots
\:1 2_{5} 3_3 4_2 5\,6\:
\color{#C00}\to
\:1\,2\,3\,4\,5\,6,\:
5
2
2\cdot 5
5
3\cdot 3
4\cdot 2
3
2
\rm\:min(2\cdot 5, 3\cdot 3, 4\cdot 2) = 8.\:
8
2
4
5
2\cdot 5
5
2,3,5
1
1
2
3
5
2
[1, 2]
1
2
1
3
1
5
\color{red}{2}
2
1
3
[1, 2, 3]
1
3
3
3
2
\color{red}{2}
2
\color{red}2
3
1
5
2
2
4
2
2
2
3
2
3
5
[1]
1
1
1
[1, 2]
2
1
1
[1, 2, 3]
2
2
1
[1, 2, 3, 4]
3
2
1
[1, 2, 3, 4, 5]
3
2
2
[1, 2, 3, 4, 5, 6]
4
3
2
[1, 2, 3, 4, 5, 6, 8]
5
3
2
3
[1, 2, 3, 4, 5, 6, 8, 9]
5
4
2
[1, 2, 3, 4, 5, 6, 8, 9, 10]
6
4
3
[1, 2, 3, 4, 5, 6, 8, 9, 10, 12]
8
5
5
3
[1, 2, 3, 4, 5, 6, 8, 9, 10, 12, 15]
8
6
5
4
2^a3^b5^c
