N
18
d(N) \le 2\sqrt N
N
m,N/m
\sqrt N
N/d(N) \ge \frac12\sqrt N
(2\cdot 18)^2 = 1296
18
1296
N/d(N) \ge \frac12\sqrt N > \frac12\sqrt{1296} = 18
N/d(N)
1000
\{18, 27, 30, 45, 63, 64, 72, 99, 105, 112, 117, 144, 153, 160, 162, 165, 171, 195, 207, 225, 243, 252, 255, 261, 279, 285, 288, 294, 320, 333, 336, 345, 352, 360, 369, 387, 396, 405, 416, 423, 435, 441, 465, 468, 477, 490, 504, 531, 544, 549, 555, 567, 576, 603, 608, 612, 615, 616, 625, 639, 645, 657, 684, 705, 711, 726, 728, 735, 736, 747, 792, 795, 801, 810, 828, 840, 873, 880, 885, 891, 909, 915, 927, 928, 936, 952, 960, 963, 981, 992\}
1
