6 \times 2 = 2 + 3 + 7
B
B=2,3
B=4
4
2
8
(2,2,4), (2,3,3)
8
(2,6), (3,5), (4,4).
B=5
5
(2, 3)
10
(2,2,6), (2,3,5), (2,4,4), (3,3,4).
10
(2,8), (3,7), (4,6), (5,5)
B=6
6
(2,4), (3, 3)
12
(2,2,8), (2,3,7), (2,4,6), (2,5,5), (3,3,6), (3,4,5)
12
(2,10), (3,9), (4,8), (5,7), (6,6)
B=7
7
(2,5), (3,4)
(2,2,3)
14
14
(2,2,10), (2, 3, 9), (2,4,8), (2,5,7), (2,6,6),\\ (3,3,8), (3,4,7), (3,5,6), (4,4,6), (4,5,5).
14
(4,10), (5,9), (6,8), (7,7).
B=8
8
(2,6), (3,5), (4,4)
16
(2,4,10), (2, 5, 9), (2,6,8), (2,7,7), (3,3,10),\\ (3,4,9), (3,5,8), (3,6,7), (4,4,8), (4,5,7), (4,6,6), (5,5,6).
16
(6,10), (7,9), (8,8).
B=9
9
(2,7), (3,6), (4,5)
18
(2,6,10), (2, 7, 9), (2,8,8), (3,5,10), (3,6,9),\\ (3,7,8), (4,4,10), (4,5,9), (4,6,8), (4,7,7), (5,5,8), (5,6,7).
18
(8,10), (9,9).
B=10
10
(2,8), (3,7), (4,6), (5,5)
20
(2,8,10), (2, 9, 9), (3,7,10), (3,8,9), (4,6,10),\\ (4,7,9), (4,8,8), (5,5,10), (5,6,9), (5,7,8), (6,6,8), (6,7,7).
20
(10,10).
B=11
22
B
17 + 80 + 145 + 204 + 213 + 204 + 145 = 1008
{36 \choose 4} = 58905
1.7\%
