9
1,2,3,\ldots,9
9
\phantom{\times*}**\color{maroon}*\\\times\underline{\phantom{**}*\color{maroon}*}\\\phantom{\times}***\color{maroon}*
21
20
19
18
17
9
3,4,5,6
8,9,0,1
9
1,2,3,\ldots,9
9
81
5
3,4,5,6
5
81
81
81
4536
2^33^47
2
2
3
4
6
4
2
7
3
7
9
6
2
8
7
8
3456
3
6
12
81
4536
5346
21
a,b,c
a+b+c=1+\cdots+9=45
a,b,c\in\{9,18,27,36\}
a,b,c
27,9,9
18,18,9
1+2+3+4=10
9
18
27
27
3,4,5,6
1,2,7,8,9
18
9
18
9
9,8,1
2,7
2,7,9
1,8
279\times18=5022
1
2
9
8
8
9
819\times27
1
27
189\times27=5103
198\times 27=5346
8+7+6=21
