G
<100
G\cong A_5
60
2,3,5,7,11,13,17,19,23,29,31,37,41,43,47,53,59,61,67,71,73,79,83,89,97.
\{4,6,8,9,10,12,14,15,16,18,20,21,22,24,25,26,27,28,30,32,33,34,35,36,38,39,40,42,44,45,46,48,49,50,51,52,54,55,56,57,58,60,62,63,64,65,66,68,69,70,72,74,75,76,77,78,80,81,82,84,85,86,87,88,90,91,92,93,94,95,96,98,99\}
p^2
4,9,16,25,36,49,64,81
\{6,8,10,12,14,15,18,20,21,22,24,26,27,28,30,32,33,34,35,38,39,40,42,44,45,46,48,50,51,52,54,55,56,57,58,60,62,63,65,66,68,69,70,72,74,75,76,77,78,80,82,84,85,86,87,88,90,91,92,93,94,95,96,98,99\}
p^n
2^3=8,2^5=32
3^3=27
\{6,10,12,14,15,18,20,21,22,24,26,28,30,33,34,35,38,39,40,42,44,45,46,48,50,51,52,54,55,56,57,58,60,62,63,65,66,68,69,70,72,74,75,76,77,78,80,82,84,85,86,87,88,90,91,92,93,94,95,96,98,99\}
pq
p
q
\{2p=6,10,14,22,26,34,38, 46,58,62,74,82,86,94\}
\{12,15,18,20,21,24,28,30,33,35,39,40,42,44,45,48,50,51,52,54,55,56,57,60,63,65,66,68,69,70,72,75,76,77,78,80,84,85,87,88,90,91,92,93,95,96,98,99\}
\{ 3p=15,21,33,39,51,57,69,87,93\}
\{12,18,20,24,28,30,35,40,42,44,45,48,50,52,54,55,56,60,63,65,66,68,70,72,75,76,77,78,80,84,85,88,90,91,92,95,96,98,99\}
\{5p= 10,15,35,55,65,85,95\}
\{12,18,20,24,28,30,40,42,44,45,48,50,52,54,56,60,63,66,68,70,72,75,76,77,78,80,84,88,90,91,92,96,98,99\}
\{7p= 14,21,35,49,77,91,\}
\{12,18,20,24,28,30,40,42,44,45,48,50,52,54,56,60,63,66,68,70,72,75,76,78,80,84,88,90,92,96,98,99\}
pq
p^2q
4p=\{ 8,12,20,28,44,52,68,76,92,\}
\{18,24,30,40,42,45,48,50,54,56,60,63,66,70,72,75,78,80,84,88,90,96,98,99\}
9p= \{ 18,27,45,63,99\}
\{24,30,40,42,48,50,54,56,60,66,70,72,75,78,80,84,88,90,96,98,\}
25p =\{50,75 \}
\{24,30,40,42,48,54,56,60,66,70,72,78,80,84,88,90,96,98,\}
49p= \{ 98\}
\{24,30,40,42,48,54,56,60,66,70,72,78,80,84,88,90,96,\}
pqr
\{24,30,40,42,48,54,56,60,66,70,72,78,80,84,88,90,96\}
30=2.3.5
30
42=2.3.7
42
66=2.3.11
66
70=2.5.7
70
78=2.3.13
78
\{ 24,40,48,54,56,60,72,80,84,88,90,96\}
\textbf{EDIT}
G
|G|=24
24=2^3.3
1+3k
8
3
4
n_2=3
\textbf{INCOMPLETE}
\{40,48,54,56,60,72,80,84,88,90,96\}
40=2^3.5
1+5k
8
\{48,54,56,60,72,80,84,88,90,96\}
48=2^4.3
1+3k
16
1+2k
n_2=3
n_3=16
P_3
P_2
n_3
n_2
1
\{54,56,60,72,80,84,88,90,96\}
54=2.3^3
1+3k
2
\{56,60,72,80,84,88,90,96\}
\textbf{EDIT}
G
56
56=2^3.7
n_2=7,n_7=8
n_p
7
6
8\times 6=48
7
2
7
2
1
1+8+48=57
48
7
|G|=56
n_2=1
n_7=1
2
7
G
\{60,72,80,84,88,90,96\}
80=2^4.5
n_2
1,5
n_5
1,16
n_2=5
n_5=16
P_5
64
16
P_2
80
\{60,72,84,88,90,96\}
84=2^2.3.7
n_7=1
\{60,72,88,90,96\}
88=2^3.11
n_{11}=1
\{60,72,90,96\}
72,90,96
60
A_5
|A_5|=60
G\cong A_5
p^2
72,90,96
2
pq
G
G
P
p
G
P\leq Z(N_G(P))
G
p
3
G
P
p
p
|G|
|P| = p
P\leq Z(N_G(P))
G
N_G(P)/C_G(P)
\rm{Aut}(P)
p-1
N_G(P)/C_G(P)
|G|
N_G(P) = C_G(P)
p
p
|G|
p^3
|G|
p = 2
12
|G|
p
p^2
|\rm{Aut}(P)|
p
P
\rm{Aut}(P)
(p^2-1)(p^2 - p) = (p+1)p(p-1)^2
p
p = 2
3
G
3
3
2
3
60
G
2^2\cdot 3\cdot 7 = 84
100
84
60
A_5
