13
(r\zeta(r+\Im i))^2
r=\frac{1}{2}
r
0<r<1
\Im(\rho(n)) = \frac{2 \pi  \exp (1) \left(n-\frac{11}{8}\right)}{\exp (1) W\left(\frac{n-\frac{11}{8}}{\exp (1)}\right)}
n=1,2,3,4,5,6,7,8,9,10,11,12,13
W
\rho(n)
n
r
r = 99/100
r = 3/4
r = 1/2
r = 1/4
r = 1/100
0.5000000,14.13473
0.5000000,21.022040
0.5000000,25.01086
0.50000,30.425
0.50000,32.935
0.5000000,37.586178
0.50000000,40.918719
0.50000,43.327
0.50000,48.005
0.500000,49.7738
0.50000000,52.970321
0.5000000,56.446248
0.500000,59.3470
0.5000000,14.13473
0.5000000,21.022040
0.5000000,25.01086
0.50000,30.425
0.50000,32.935
0.5000000,37.586178
0.50000000,40.9187190
0.50000,43.327
0.5000,48.01
0.500000,49.7738
0.50000000,52.9703215
0.5000000,56.446248
0.500000,59.3470
0.50000000,14.134725
0.50000000,21.022040
0.5000000,25.01086
0.50000,30.425
0.50000,32.935
0.50000000,37.586178
0.50000000,40.9187190
0.50000,43.327
0.5000,48.01
0.500000,49.7738
0.50000000,52.9703215
0.50000000,56.446248
0.5000000,59.34704
0.5000000,14.13473
0.5000000,21.022040
0.5000000,25.01086
0.500000,30.425
0.500000,32.935
0.5000000,37.586178
0.50000000,40.918719
0.500000,43.3271
0.5000,48.01
0.500000,49.7738
0.50000000,52.970321
0.5000000,56.446248
0.500000,59.34704
0.5000000,14.13473
0.5000000,21.02204
0.500000,25.01086
0.500000,30.425
0.500000,32.935
0.5000000,37.58618
0.5000000,40.91872
0.500000,43.327
0.50000,48.005
0.500000,49.7738
0.5000000,52.970321
0.5000000,56.44625
0.500000,59.3470
13
0.5000000000 + 14.1347251417 I
0.5000000000 + 21.0220396388 I
0.5000000000 + 25.0108575801 I
0.5000000000 + 30.4248761259 I
0.5000000000 + 32.9350615877 I
0.5000000000 + 37.5861781588 I
0.5000000000 + 40.9187190121 I
0.5000000000 + 43.3270732809 I
0.5000000000 + 48.0051508812 I
0.5000000000 + 49.7738324777 I
0.5000000000 + 52.9703214777 I
0.5000000000 + 56.4462476971 I
0.5000000000 + 59.3470440026 I
