2^m
(2,2,\ldots,2)
2^m
m=2
C_2 \times C_2
\{1, (12)(34), (13)(24), (14)(23)\}
G \le S_8
\{1,\ldots,8\}
C_2^3
G
{8 \choose 2}=28
|\Gamma| < \frac{1}{2}|\Omega|
|\Omega|=2^m, m \ge 3
S^\Omega
2^m
(2,2,\ldots,2)
(12)(34)(56)(78)
(13)(24)(57)(68)
(14)(23)(58)(67)
(15)(26)(37)(48)
(16)(25)(38)(47)
(17)(28)(35)(46)
(18)(27)(36)(45)
1
2,3,4,5,6,7,8
2
1,4,3,6,5,8,7
3
4,1,2,7,8,5,6
4
3,2,1,8,7,6,5
5
6,7,8,1,2,3,4
6
5,8,7,2,1,4,3
7
8,5,6,3,4,1,2
8
7,6,5,4,3,2,1
1,2,4,8
16
5
9
i
i
2^0
1
n
2n-1, 2n
2n, 2n-1
1,2
2,1
1,2,3,4
2,1,4,3
3,4,1,2
4,3,2,1
8
2^n \times 2^n
