n
a_{i}\ (i=1,2,\cdots,n)
2\le a_1\lt a_2\lt\cdots\lt a_n\le 99
\sum_{i=1}^n\frac{1}{a_i}=1
n
\sum_{i=1}^n\frac{1}{a_i}
(a_1,a_2,\cdots,a_n).
(2,3,6)\rightarrow(4,5,7,9, 12, 15,18,30,42,45,90)
\rightarrow(8,9,10, 12, 14, 15, 16, 18,22,27, 30, 35, 40, 42, 45, 48, 54, 56, 60, 72, 90, 99)
(3)=(4,12), (6)=(7,42)
n=22
(8,9,10, 12, 14, 15, 16, 18,22,27, 30, 35, 40, 42, 45, 48, 54, 56, 60, 72, 90, 99)\rightarrow(15,17,20,21,22,26,27,30,32,33,34,35,36,38,39,40,42,44,45,48,50,52,54,55,56,60,63,66,70,75,76,77,78,80,84,85,88,90,91,95,96,99)
(10)=(17,34,85), (14)=(28,44,77)
(17,18,20,21,22,24,26,27,32,33,34,35,36,38,39,40,42,44,45,48,50,52,54,55,56,60,63,66,70,72,75,76,77,78,80,84,85,88,91,95,96,99)
(15,30,90)=(18,24,72)
42
27
566
41
6747
40
52078
39
a_i
27
11
13
16
17
19
25
27
46,\phantom. 9,\phantom. 7,\phantom., 1, \phantom.  2,\phantom.  1,\phantom. 1
(17,34,85)
(19,57,76)
(38,76,95)
(50,75)
(25,54)
23
D = 2^3 3^2 5 \phantom. 7 = 2520
(n, D\sum_{i=1}^n 1/a_i)
\sum_i 1/a_i \leq 1
(n,D)
27
42
\max_i a_i = 96
22
(12)=(19,57,95)
(9)=(12,36)
