A
T = \{(12),(13),(14),(15),(16)\}
A
A
\binom{6}{2}/3 = 15/3 = 5
A
T
T
A
A
\{(12)(34)(56),(13)(25)(46),(14)(26)(35),(15)(24)(36),(16)(23)(45)\} \\ \{(12)(34)(56),(13)(26)(45),(14)(25)(36),(15)(23)(46),(16)(24)(35)\} \\ \{(12)(35)(46),(13)(24)(56),(14)(25)(36),(15)(26)(34),(16)(23)(45)\} \\ \{(12)(35)(46),(13)(26)(54),(14)(23)(56),(15)(24)(36),(16)(25)(34)\} \\ \{(12)(36)(45),(13)(24)(56),(14)(26)(35),(15)(23)(46),(16)(25)(34)\} \\ \{(12)(36)(45),(13)(25)(46),(14)(23)(56),(15)(26)(34),(16)(24)(35)\} 
\sigma\in S_6
6
S_6\to S_6
