4 \times 4
\sum_{\sigma \in S_4} (-1)^{\sigma}a_{1\sigma(1)}\ldots a_{n\sigma(n)}
S_4
\begin{matrix} () & (34) & (143) & (1243) \\ (12) & (123) & (234) & (3241)\\  (13) & (132) & (243) & (1324) \\ (14) & (124) & (324) & (4231) \\ (23) & (142) & (1234) & (4321) \\ (24) & (134) & (2134) \\ \end{matrix}
(243)=(324)
(--)(--)
(12)(34)
(13)(24)
1,2,3,4
1,2,3,4
[[1, 2, 3, 4], [1, 2, 4, 3], [1, 3, 2, 4], [1, 3, 4, 2], [1, 4, 2, 3], [1, 4, 3, 2], [2, 1, 3, 4], [2, 1, 4, 3], [2, 3, 1, 4], [2, 3, 4, 1], [2, 4, 1, 3], [2, 4, 3, 1], [3, 1, 2, 4], [3, 1, 4, 2], [3, 2, 1, 4], [3, 2, 4, 1], [3, 4, 1, 2], [3, 4, 2, 1], [4, 1, 2, 3], [4, 1, 3, 2], [4, 2, 1, 3], [4, 2, 3, 1], [4, 3, 1, 2], [4, 3, 2, 1]]
[3,1,2,4]
(132)
\begin{pmatrix} 1 & 2 & 3&4 \\ 3 & 1 & 2&4\end{pmatrix} 
1
3
3
2
2
1
4
[3,4,2,1]
(1324)
\begin{pmatrix} 1 & 2 & 3&4 \\ 3 & 4 & 2&1\end{pmatrix} 
1
3
3
2
2
4
4
1
[(), (3,4), (2,3), (2,3,4), (2,4,3), (2,4), (1,2), (1,2)(3,4), (1,2,3), (1,2,3,4), (1,2,4,3), (1,2,4), (1,3,2), (1,3,4,2), (1,3), (1,3,4), (1,3)(2,4), (1,3,2,4), (1,4,3,2), (1,4,2), (1,4,3), (1,4), (1,4,2,3), (1,4)(2,3)]
