(1 4), (2 5), (3 6)
(1 2 3), (1 3 2), (4 5 6), (4 6 5)
C_{S_6}((1 2 3)(4 5 6))
x
(1 2 3)(4 5 6)
(1 2 3)(4 5 6) = (x(1) x(2) x(3))(x(4) x(5) x(6))
x
(1 2 3)
(4 5 6)
(1 2 3)
(4 5 6)
(1 2 3)
(3 1 2)
(4 5 6)
(1 3 2)
(1 2 3)
(2 3 1)
(4 5 6)
(1 2 3)
(4 5 6)
(4 6 5)
(1 2 3)(4 5 6)
(1 2 3)
(4 5 6)
(1 4)(2 5)(3 6)
(1 6)(2 4)(3 5)
(1 5)(2 6)(3 4)
C_{S_6}((1 2 3)(4 5 6))
\sigma\in S_n
(a_1,a_2,\ldots,a_n)
S_n
\sigma(a_1,a_2,\ldots,a_n)\sigma^{-1}=(\sigma(a_1),\sigma(a_2),\ldots,\sigma(a_n))
(14)
 (14)^{-1}(123)(456)(14) = (234)(156) 
